PETREL: Properties
10
Facies unit1 scale1
Facies unit1 scale1
Facies unit1 scale1
Facies unit1 scale1
Facies unit1 scale1
Facies unit1 scale1
Facies unit1 scale1
Facies unit1 scale1
Facies unit1 scale1
Facies unit1 scale1
0.000000 0.000000 0.000000 0.000000 0.000000 0.000000 0.000000 0.000000 1.000000
2.000000 0.000000 2.000000 0.000000 0.000000 1.000000 0.000000 0.000000 0.000000
0.000000 0.000000 1.000000 0.000000 0.000000 0.000000 0.000000 1.000000 0.000000 
0.000000 0.000000 0.000000 0.000000 0.000000 0.000000 0.000000 0.000000 0.000000 
0.000000 1.000000 0.000000 0.000000 0.000000 2.000000 0.000000 2.000000 0.000000 
0.000000 2.000000 0.000000 0.000000 0.000000 0.000000 0.000000 2.000000 0.000000 
0.000000 0.000000 0.000000 2.000000 0.000000 0.000000 0.000000 2.000000 1.000000 
0.000000 0.000000 0.000000 0.000000 0.000000 0.000000 0.000000 0.000000 1.000000 
0.000000 2.000000 0.000000 0.000000 0.000000 0.000000 0.000000 0.000000 0.000000 
0.000000 0.000000 0.000000 0.000000 1.000000 0.000000 0.000000 1.000000 0.000000 
0.000000 2.000000 0.000000 0.000000 0.000000 0.000000 0.000000 0.000000 0.000000 
0.000000 0.000000 0.000000 0.000000 1.000000 0.000000 0.000000 1.000000 0.000000 
0.000000 2.000000 0.000000 0.000000 0.000000 0.000000 0.000000 1.000000 0.000000 
0.000000 0.000000 0.000000 0.000000 0.000000 0.000000 0.000000 1.000000 0.000000 
0.000000 0.000000 2.000000 0.000000 0.000000 0.000000 0.000000 1.000000 0.000000 
0.000000 0.000000 0.000000 0.000000 0.000000 0.000000 0.000000 0.000000 0.000000 
0.000000 1.000000 0.000000 0.000000 0.000000 0.000000 0.000000 2.000000 0.000000 
...
0.000000 0.000000 0.000000 0.000000 0.000000 0.000000 2.000000 1.000000 2.000000 
0.000000 0.000000 0.000000 0.000000 0.000000 0.000000 0.000000 0.000000 0.000000 
0.000000 0.000000 0.000000 0.000000 0.000000 0.000000 0.000000 0.000000 0.000000